2 0.0329234
3 0.000814802
4 0.00217248
5 0.0401275
6 0.053776
7 0.0366272
8 0.255705
9 0.00623973
10 0.046946
11 0.0138817
12 0.0492678
13 0.0575169
14 0.00868164
15 0.0203698
16 0.130738
17 0.273015
19 0.0425326
20 0.035855
21 0.0067788
22 0.0696776
23 0.0126847
25 0.00976935
26 0.153617
27 0.0167843
28 0.0106124
29 0.158441
30 0.0501661
31 0.00851974
32 0.124259
33 0.00640065
34 0.013807
35 0.0503089
36 0.0104199
37 0.026819
38 0.138541
39 0.0201239
40 0.0763424
41 0.00522229
42 0.0317668
43 0.0623259
44 0.112412
45 0.071214
46 0.0527619
47 0.0013446
48 0.0160308
49 0.00609179
50 0.00958044
51 0.0782741
52 0.0199332
53 0.00250651
54 0.019545
55 0.00316432
56 0.00307847
57 0.0262982
58 0.0471216
59 0.0492756
60 0.0482974
61 0.0689137
62 0.276666
64 0.0637141
65 0.0266341
66 0.0482912
67 0.002845
69 0.00392802
70 0.0773629
71 0.108143
72 0.0609466
74 0.256704
75 0.054438
76 0.0133419
77 0.100973
78 0.00227619
79 0.00138404
80 0.0049057
81 0.0832458
82 0.461687
83 0.015732
84 0.0752611
85 0.00536305
86 0.149123
87 0.326548
88 0.062069
89 0.188194
90 0.0548933
91 0.020273
92 0.117751
94 0.00355805
95 0.176777
96 0.0783433
97 0.0132145
98 0.0761311
99 0.00793852
100 0.00689188
101 0.15673
104 0.0835354
105 0.118866
106 0.0661627
107 0.00182124
108 0.0214333
110 0.320678
111 0.103386
112 0.10925
113 0.0173593
114 0.0046524
115 0.000125614
116 0.00676561
117 0.022155
119 0.145316
120 0.0385761
121 0.119098
122 0.00063842
123 0.006517
124 0.0121357
125 0.0443174
126 0.0281197
127 0.0233602
128 0.10307
129 0.00834369
130 0.0606444
131 0.0352523
132 0.00788873
133 0.0482785
134 0.00442906
135 0.0187707
136 0.0382531
137 0.0201105
138 0.00495048
139 0.0244886
140 0.000120929
141 0.020224
142 0.0178323
143 0.203871
145 0.165898
146 0.0309151
148 0.0758093
149 0.00289827
150 0.000719584
151 0.000559543
152 0.0856853
153 0.00208347
154 0.0537918
155 0.179432
156 0.0798503
157 0.0102864
158 0.00302116
159 0.00351774
160 0.037832
161 0.0248905
162 0.0840569
163 0.0171264
164 5.28385e-05
165 0.00637984
166 0.00120014
167 0.129495
168 0.208936
169 0.0728613
171 0.00969853
174 0.0243755
175 0.0031909
176 0.0464117
177 0.0190735
178 0.100215
179 0.01559
180 0.00759937
181 0.0364709
182 0.04069
183 0.154283
184 0.0126502
185 0.0792277
186 0.0444132
187 0.0410315
188 0.000748999
189 0.0726062
190 0.00492357
191 0.0563955
192 0.133493
193 0.125787
194 0.00910859
195 0.0178895
196 0.0328509
197 0.0321976
199 0.0329929
200 0.0592719
201 0.00224351
202 0.0672277
203 0.0687355
204 0.0567034
205 0.00421542
206 0.0440114
207 0.0150242
208 0.082028
209 0.0692768
210 0.0690148
211 0.0356471
212 0.0283419
213 0.00778142
214 0.000688208
215 0.0311719
216 0.00788666
217 0.00163995
218 0.00458736
220 0.00475263
221 0.173658
222 0.39049
223 0.131445
224 0.0166077
225 0.164602
226 0.0192944
228 0.0145397
229 0.0785959
230 0.0228337
231 0.0342476
232 0.0131254
233 0.0145396
234 0.036421
235 0.00493555
236 0.054022
237 0.0237863
238 0.0316444
239 0.00747332
240 0.176416
241 0.0557426
242 0.0304168
243 0.0262077
244 0.00770113
245 0.000191526
246 0.0395772
247 0.333146
248 0.143446
249 0.10294
250 0.0696726
251 0.0682629
252 0.254699
253 0.0502809
254 0.185766
255 0.0489716
256 0.0149062
257 0.0188913
258 0.00606749
259 0.270119
260 0.0128363
261 0.0421471
262 0.0202851
263 0.0254138
264 0.00168386
265 0.109652
266 0.230747
267 0.0205177
268 0.0135244
269 0.0333284
270 0.0876631
271 0.032647
272 0.0145379
273 0.235542
274 0.0311758
275 0.024072
276 0.0157823
277 0.0119542
278 0.0344015
279 0.0659091
280 0.0113578
281 0.0169322
282 0.0167186
283 0.0974291
284 0.00255204
285 0.00155182
286 0.00301724
287 0.0195376
288 0.0214208
290 0.02714
291 0.0556237
292 0.00965005
293 0.0334986
294 0.00417206
295 0.0346185
296 0.0146683
297 0.0845793
298 0.0563211
299 0.0486187
300 0.000521957
301 0.00429212
302 0.0114284
303 0.0168431
304 0.0157597
305 0.0726822
306 0.0154021
307 0.019848
308 0.126616
309 0.066814
311 0.19585
312 0.0368339
313 0.0567676
314 0.00552985
316 0.00766899
317 0.0183906
318 0.212673
319 0.109925
320 0.0343959
321 0.00605769
322 0.00649576
323 0.18983
324 0.00607348
325 0.0372886
326 0.0248274
327 0.0371821
328 0.0577619
329 0.00174814
330 0.0375355
331 0.00348603
333 0.010209
334 0.350639
335 0.0156327
336 0.068002
337 0.019825
338 0.0650546
339 0.00511182
340 0.17986
341 0.10755
342 0.026875
343 0.0442106
344 0.0781964
345 0.000549738
346 0.0463596
347 0.0902117
348 0.0200498
349 0.00383858
350 0.0987897
351 0.00261632
352 0.0789091
353 0.000751723
354 0.00515998
355 0.00554085
357 0.0183278
358 0.0405188
360 0.0284574
362 0.0521026
363 0.0394864
364 0.00394012
365 0.137594
366 0.213026
367 0.0791956
371 0.0055147
372 0.0139567
373 0.073802
374 0.0989631
375 0.143655
376 0.12706
377 0.136031
378 0.199992
379 0.00725097
381 0.0891393
382 0.273042
383 0.0028121
384 0.0176392
385 0.00205177
386 0.175067
387 0.107674
388 0.00207214
389 0.0128382
390 0.00726328
391 0.0104447
392 0.311914
393 0.0499487
394 0.00415648
395 0.0086422
396 0.0710781
397 0.0972078
398 2.40769e-05
399 0.00885192
400 0.0195834
401 0.131863
402 0.00939283
403 0.0770757
404 0.0250596
405 0.117981
406 0.26702
407 0.073846
408 0.00918823
409 0.00837735
410 0.00479229
411 0.0122533
412 0.133002
413 0.13497
414 0.108622
415 0.213365
416 0.0715136
417 0.0293902
418 0.0859485
420 0.0147542
421 0.00705846
422 0.114154
423 0.197043
424 0.236736
425 0.0213389
427 0.002733
429 0.0618088
430 0.0799365
431 0.045644
432 0.000653781
433 0.00146738
434 0.0167883
435 0.190166
436 0.100082
438 0.00231411
439 0.00063221
440 0.000761855
441 0.0730285
442 0.00528897
443 0.125198
444 0.0459694
445 0.0379051
446 0.031346
447 0.0369771
448 0.0237933
449 0.0212132
450 0.0322758
451 0.00111756
452 0.0518946
453 0.0170949
454 0.0721343
455 0.0275799
456 0.0404202
457 0.015136
459 0.459703
461 0.0211625
462 0.00896435
463 0.237123
464 0.245333
465 0.0175743
466 0.0105826
467 0.0264453
468 0.00190327
469 0.011882
470 0.14076
471 0.025242
472 0.00757998
473 0.000185752
474 0.00264018
475 0.0113265
476 0.00981031
477 0.265578
478 0.0231556
479 0.133864
480 0.018395
481 0.0243589
482 0.0171775
483 0.075633
485 0.0244601
486 0.0776048
487 0.000848466
488 0.000614234
489 0.018653
490 0.0577055
491 0.0236409
492 0.0563449
493 0.177464
494 0.114882
495 0.0134502
496 0.0903867
497 0.00734422
498 0.00613373
499 0.000514004
500 0.556751
501 0.0143525
502 0.0360108
503 0.0203905
504 0.0824978
505 0.0190205
506 0.0346649
507 0.0303978
508 0.00296451
509 0.00238209
510 0.0303872
511 0.141703
512 0.318196
513 0.112319
514 0.0246138
515 0.0247923
516 0.0184817
517 0.0469911
518 0.00429452
519 0.0109902
520 0.043368
522 0.065484
523 0.0613506
524 0.00356415
525 0.00814149
526 0.0362145
528 0.01896
529 0.00943597
530 0.0672748
531 0.012438
532 0.103945
533 0.0031678
535 0.00117498
536 0.0103395
537 0.00250542
539 0.0117224
540 0.000224754
541 0.0201548
542 0.0001973
543 0.114906
544 0.00580744
545 0.147716
546 0.0213143
547 0.581634
548 0.0221527
549 0.0112178
550 0.0635547
551 0.0352315
552 0.00644423
553 0.00948576
554 0.0133816
555 0.026136
556 0.113948
557 0.0649956
558 0.0189745
559 0.154111
560 0.150983
562 0.00484316
563 0.00263768
564 0.0266657
565 0.00552723
566 0.011865
567 0.00189587
568 0.218008
570 0.100694
571 0.00596933
572 0.00583435
573 0.0487294
574 0.0168123
575 0.0612532
576 0.000255913
578 0.0236408
579 0.0104146
580 0.033257
581 0.063062
582 0.0190756
583 0.449829
584 0.00244332
585 0.0689958
586 0.0372326
587 0.15015
588 0.0924275
589 0.02375
590 0.0189462
591 0.0140763
592 0.0413512
593 0.0243958
594 0.0160214
596 0.00167013
597 0.00505702
598 0.000432404
599 0.074432
600 0.0114868
601 0.0272977
602 0.0253673
603 0.00427796
605 0.00129547
606 0.335489
607 0.0535172
608 0.0301183
609 0.0611567
610 0.0220165
611 0.00380503
612 0.00220756
615 0.0619637
616 0.0197846
617 0.0060335
618 0.0192292
620 0.0953694
621 0.311167
622 0.0543919
623 0.00960092
624 0.0306837
625 0.101492
626 0.00519212
627 0.0214439
628 0.051203
629 0.0611908
630 0.0126046
631 0.012282
632 0.034004
634 0.0441999
635 0.04203
636 0.00813244
638 0.000628724
640 0.0148495
641 0.0540367
642 0.0020193
643 0.101026
644 0.0268947
645 0.284582
646 0.0577193
647 0.0230796
648 0.0415198
649 0.0975221
650 0.0129678
652 0.0656655
653 0.0440829
654 0.0149071
655 0.0364935
656 0.0238589
657 0.0296083
659 0.0318133
660 0.0516903
661 0.09741
662 0.00218
663 0.00854524
664 0.00781084
665 0.100928
666 0.0770318
667 0.14868
668 0.00983144
669 0.0730558
670 0.017964
671 0.0148043
672 0.0392138
673 0.200227
674 0.0302334
675 0.0639293
677 0.0119347
678 0.0116469
679 0.0904656
680 0.0459441
681 0.25608
683 0.00284652
684 0.189301
685 0.0512562
686 0.0521729
687 0.0552935
688 0.00353593
690 0.0385436
691 0.171731
692 0.007685
693 0.00461078
694 0.0453079
695 0.0429762
696 0.0207172
697 0.0142603
698 0.00644858
699 0.0275795
700 0.142769
701 0.00127575
702 0.0685086
703 0.013326
704 0.0218646
705 0.0307522
706 0.0711008
707 0.0659258
708 0.0202864
709 0.000911546
710 0.0137638
711 0.229108
712 0.00733518
713 0.0315473
714 0.069124
715 0.0395396
716 0.0305413
717 0.00916296
718 0.0177107
719 0.0136278
720 0.0890284
721 0.00970518
722 0.108225
723 0.0059702
724 0.0402999
725 0.0594698
726 0.0106442
727 0.0086508
728 0.0246961
730 0.000658683
731 0.0616114
732 0.0145227
733 0.0046536
734 0.00800312
735 0.00186155
736 0.0286612
737 0.0292402
738 0.00527535
739 0.00387312
740 0.117492
741 0.0683294
742 0.0229248
743 0.0915562
745 0.0289934
746 0.020814
747 0.169126
748 0.0164108
749 0.183168
750 0.0391289
751 0.00584339
752 0.016733
753 0.00386843
754 0.0358562
755 0.114604
756 0.0102229
757 0.0177326
758 0.114515
759 0.00665939
760 0.0656128
761 0.0177882
762 0.0768847
763 0.117903
764 0.037503
765 0.00925044
766 0.235248
767 0.0670426
768 0.0105243
769 0.0804216
770 0.0206179
771 0.0128525
772 0.0104906
773 0.0706452
774 0.0169405
775 0.581242
776 0.112285
777 0.314047
778 0.0607624
779 0.000346773
780 0.00020035
781 0.0962887
782 0.000305918
783 0.0103931
784 0.136364
785 0.00023347
786 0.0437882
787 0.0235042
788 0.0972143
789 0.275146
790 0.0135357
791 0.0174253
792 0.0217211
793 0.109286
794 0.00191373
795 0.0784075
796 0.370071
800 0.053142
801 0.00821056
802 0.031462
803 0.0744046
805 0.0026295
806 0.114469
807 0.0524041
809 0.0240242
810 0.0353705
811 0.0398617
812 0.0152826
813 0.138397
814 0.00947051
815 0.011375
816 0.0157862
817 0.00117498
818 0.0480623
819 0.0485588
820 0.0583374
821 0.0218003
822 0.0316044
823 0.00287278
824 0.0800626
825 0.181033
826 0.18148
827 0.16251
829 0.0651702
830 0.484472
832 0.000992383
833 0.172765
835 0.0782091
836 0.0190345
837 0.0278948
838 0.0986006
839 0.0023518
840 0.00411127
841 0.0954316
842 0.0539547
843 0.00429615
844 0.0263126
845 0.0309661
846 0.100468
847 0.000523047
848 0.0832201
849 0.0511792
850 0.0167619
851 0.0635112
852 0.0987345
853 0.0410014
854 0.07551
855 0.0102077
856 0.188621
857 0.0444892
858 0.0405407
859 0.00236695
860 0.0329574
861 0.0967221
862 0.334547
863 0.074565
864 0.00469718
865 0.17784
866 0.0173745
867 0.0557965
868 0.00786356
869 0.0148355
870 0.0225455
871 0.00301452
872 0.0192139
873 0.00518024
874 0.00987905
875 0.0509327
876 0.0178202
877 0.0313486
878 0.000711522
879 0.036363
880 0.126978
881 0.0423808
882 0.0612968
883 0.0101619
884 0.00200209
885 0.198959
886 0.025243
888 0.0351558
889 0.0409166
891 0.015192
892 0.00543365
893 0.00598143
894 0.0649432
895 0.111133
896 0.0428506
897 0.0246566
898 0.00431347
899 0.135511
901 0.00863958
902 0.0167624
903 0.0698324
904 0.0408205
905 0.0167534
906 0.0327426
907 0.00854317
908 0.0258705
909 0.0748044
910 0.0352497
911 0.0363168
912 0.0491993
914 0.0090247
915 0.00940089
916 0.00424124
917 0.05889
918 0.00503676
919 0.17318
920 0.00052893
921 0.0629854
922 0.254121
923 0.00405081
924 0.000256022
925 0.0746903
926 0.078278
927 0.0269972
928 0.0589833
929 0.0760531
930 0.0239192
931 0.127997
932 0.0371532
933 0.148163
934 0.105785
935 0.00109762
936 0.00792207
937 0.0170475
938 0.0256205
940 0.0633433
941 0.0258539
942 0.00428787
943 0.015417
944 0.00887512
945 0.00404558
946 0.0258334
947 0.0697776
948 0.0248235
949 0.00478575
950 0.137938
951 0.0653498
952 0.0816446
953 0.0631236
954 0.0103604
955 0.0776654
957 0.0255724
958 0.0454018
960 0.0348535
961 0.0790417
962 0.000966454
963 0.0445674
964 0.0385955
965 0.0935873
966 0.0472927
967 0.022311
968 0.0320465
969 0.0355832
970 0.00517229
971 0.0091818
972 0.0230573
973 0.403978
974 0.0265765
975 0.00447852
976 0.00273932
977 0.02349
978 0.00373116
979 0.0567887
980 0.0432579
981 0.0361931
982 0.0618873
983 0.0120194
984 0.22343
985 0.0559784
986 0.00163952
987 0.00209752
988 0.0346173
989 0.0105893
990 0.070177
991 0.00142893
992 0.0266626
993 0.0234166
994 0.145046
996 0.0160967
997 0.0677867
998 0.0599316
999 0.187039
1000 0.0109968
1001 0.0090137
1002 0.477796
1003 0.269642
1005 0.0291616
1006 0.0439824
1007 0.00130604
1008 0.0334408
1009 0.0895218
1010 0.153219
1011 0.0244571
1012 0.00693829
1013 0.0401455
1014 0.100422
1015 0.0052967
1016 0.0101183
1017 0.664133
1018 0.0110934
1019 0.00945569
1020 0.0224452
1021 0.00373617
1022 0.00879298
1023 0.00240726
1024 0.0185937
1025 0.0135952
1026 0.0108006
1027 0.00473204
1028 0.00999366
1029 0.0649085
1030 0.00951398
1031 0.0110828
1032 0.0499252
1033 0.0348531
1034 0.00210896
1035 0.00832201
1036 0.05556
1037 0.00811773
1038 0.000404841
1039 0.034962
1042 0.00272047
1043 0.000816545
1044 0.082174
1045 0.0104914
1046 0.017575
1047 0.0498817
1049 0.0378143
1050 0.0395905
1052 0.0327931
1053 0.0538089
1054 0.00891271
1055 0.0466018
1056 0.0177014
1057 0.020671
1058 0.00459629
1059 0.00498665
1060 0.0260874
1061 0.0253786
1062 0.0685167
1063 0.258613
1064 0.00322195
1065 0.0629221
1066 0.15246
1067 0.00302988
1068 0.0319921
1069 0.0301934
1070 0.0179202
1071 0.000321824
1072 0.0198511
1073 0.00082221
1074 0.00914705
1075 0.0801067
1076 0.0204648
1077 0.170195
1078 0.0215405
1079 0.000760221
1080 0.0331456
1081 0.0124977
1082 0.116566
1083 0.127267
1084 0.0702529
1085 0.0483298
1087 0.0718175
1088 0.0162607
1089 0.0842287
1090 0.0227625
1091 0.0128108
1092 0.193297
1093 0.00265042
1095 0.012023
1096 0.0114943
1097 0.000476091
1098 0.0657726
1100 0.0475526
1101 0.00239516
1102 0.056585
1103 0.00122596
1104 0.0025941
1105 0.0155515
1106 0.0367851
1107 0.0343756
1109 0.185708
1110 0.0156064
1111 0.224058
1112 0.00495854
1113 0.0823658
1114 0.0224193
1115 0.00200122
1116 0.0294978
1117 0.125149
1118 0.0815443
1119 0.0785554
1120 0.0079639
1121 0.0229513
1123 0.0274052
1124 0.00129917
1125 0.0469428
1126 0.0156986
1127 0.00314634
1128 0.0210198
1129 0.207606
1130 0.00510638
1132 0.0402726
1133 0.00119273
1134 0.00902013
1135 0.100124
1136 0.0910491
1137 0.0191526
1138 0.116551
1139 0.137651
1140 0.00985509
1141 0.0225142
1142 0.306678
1143 0.0131436
1144 0.0442901
1145 0.0638616
1147 0.117727
1148 0.0654109
1149 0.0967996
1151 0.00123555
1152 0.0839174
1153 0.309144
1154 0.0733429
1155 0.0572096
1156 0.019412
1157 0.060192
1158 0.0681674
1159 0.0823811
1160 0.0111537
1161 0.0457018
1162 0.0039107
1163 0.0151519
1164 0.370156
1165 0.106817
1166 0.0145377
1167 0.202711
1170 0.00917679
1171 0.00254398
1172 0.0657296
1173 0.000560088
1174 0.00204828
1175 0.0250219
1176 0.00705149
1177 0.104125
1178 0.0614172
1179 0.175045
1180 0.0356689
1181 0.0188891
1183 0.0517847
1184 0.011533
1185 8.29074e-05
1186 0.0192552
1187 0.00599897
1188 0.0309883
1189 0.0634587
1190 0.116645
1191 0.00332109
1192 0.0466354
1194 0.0675157
1195 0.00302814
1196 0.247399
1197 0.0231619
1198 0.0064646
1199 0.0099844
1200 0.020494
1201 0.0381177
1202 0.0568234
1203 0.000431532
1204 0.226112
1206 0.083579
1207 0.00203357
1208 0.0738748
1209 0.01253
1210 0.020732
1212 0.0152555
1213 0.0170316
1214 0.023909
1215 0.064111
1216 0.0375182
1217 0.0412108
1218 0.0740374
1219 0.146261
1220 0.00728692
1221 0.0811087
1222 0.000290884
1223 0.00338471
1225 0.0421029
1226 0.00777968
1227 0.00284413
1228 0.0222924
1229 0.129077
1231 0.0262524
1234 0.00770919
1235 0.026717
1236 0.0190686
1237 0.00119415
1238 0.0488221
1239 0.0987357
1240 0.0115794
1241 0.00712317
1242 0.0035222
1243 0.0318945
1244 0.00218272
1245 0.0153936
1246 0.0168498
1247 0.00505419
1248 0.136311
1249 0.0391617
1250 0.0642306
1251 0.00199261
1252 0.0376688
1253 0.0376299
1254 0.173765
1255 0.253434
1257 0.0231779
1258 0.0805698
1259 0.00249343
1260 0.00132543
1261 0.0389574
1262 0.00581997
1263 0.0182008
1264 0.0332977
1265 0.0176121
1266 0.00285045
1267 0.118334
1268 0.00209513
1269 0.00702174
1270 0.0472921
1271 0.0220827
1272 0.0300515
1273 0.248562
1274 0.0794773
1275 0.01946
1276 0.00829608
1277 0.0669546
1278 0.0642366
1279 0.0832333
1281 0.133463
1282 0.129411
1283 0.00240017
1285 0.00147479
1286 0.00423013
1287 0.00114698
1290 0.0152208
1291 0.00184521
1292 0.0280017
1293 0.00154474
1294 0.00120341
1295 0.0700913
1296 0.0462502
1297 0.0197592
1299 0.0396754
1300 0.216009
1301 0.0105913
1302 0.00777336
1303 0.0334907
1304 0.00280861
1305 0.018199
1307 0.0840487
1308 0.00325376
1309 0.0162798
1310 0.229382
1312 0.0434769
1313 0.00406824
1314 0.0217276
1315 0.00926994
1316 0.180365
1317 0.0329757
1318 0.00358899
1319 0.0277681
1320 0.0975724
1321 0.0279508
1322 0.0440352
1323 0.0444631
1324 0.0134675
1325 0.0391494
1326 0.150695
1327 0.00353255
1328 0.00288106
1329 0.0563753
1330 0.0192044
1331 0.0424553
1332 0.00431739
1333 0.00319286
1334 0.0816018
1335 0.0386905
1336 0.0896079
1337 0.185104
1338 0.0349821
1339 0.000696052
1340 0.0209211
1341 0.0248367
1343 0.0058398
1344 0.059742
1345 0.0430557
1346 0.225865
1347 0.00626065
1348 0.130308
1349 0.171258
1350 0.0224231
1351 0.0970895
1352 0.102353
1353 0.0129072
1354 0.0153051
1355 0.0146343
1356 0.00849904
1357 0.0848328
1358 0.00267515
1359 0.00106069
1360 0.0216704
1361 0.00441762
1362 0.0105051
1363 0.174054
1364 0.672545
1366 0.110994
1367 0.00717394
1368 0.00402237
1369 0.0860838
1370 0.000689842
1371 0.006439
1372 0.0940656
1373 0.0123637
1374 0.0263294
1375 0.000492106
1376 0.0200791
1377 0.0940328
1378 0.0736151
1379 0.00505964
1380 0.00349094
1381 0.0142885
1382 0.00569
1383 0.0450519
1384 0.00473509
1385 0.0170097
1386 0.0739694
1387 0.00437437
1388 0.315384
1389 0.39473
1390 0.0160045
1391 0.0235365
1392 0.00437176
1393 0.00125614
1394 0.0404309
1395 0.0881813
1396 0.0311044
1397 0.0107178
1398 0.158417
1399 0.00061053
1400 0.0895433
1401 0.0401496
1402 0.018687
1403 0.0344291
1404 0.0815715
1405 0.0123191
1406 0.0154669
1407 0.111754
1409 0.060999
1410 0.0870548
1411 0.07969
1412 0.214369
1414 0.124504
1415 0.0293139
1416 0.199963
1417 0.168156
1418 0.0193399
1419 0.0489928
1420 0.00478531
1421 0.000168429
1422 0.15654
1423 0.0156805
1424 0.0473061
1425 0.0034101
1426 0.0151396
1427 0.037594
1428 0.0287318
1429 0.0183403
1430 0.0114821
1431 0.00864448
1432 0.0141941
1433 0.00929946
1435 0.0893961
1436 0.0770592
1438 0.0252325
1439 0.0174597
1440 0.0119776
1441 0.0148197
1442 0.026041
1443 0.00535902
1444 0.360775
1445 0.0415313
1446 0.0291601
1448 0.0225178
1449 0.0142593
1450 0.0292751
1451 0.00168767
1452 0.00881444
1453 0.0119797
1454 0.00049581
1455 0.0789583
1456 0.0350442
1459 0.033026
1460 0.115811
1461 0.00609691
1462 0.133194
1463 0.021889
1464 0.00586224
1465 0.0378691
1466 0.0144492
1467 0.00958229
1468 0.0514992
1469 0.00914967
1470 0.00246598
1472 0.00402226
1474 0.0695116
1475 0.0735596
1477 0.0870656
1478 0.0256223
1480 0.0710258
1481 0.0452401
1482 0.00644597
1483 0.229278
1484 0.00378302
1485 0.163911
1486 0.000693328
1487 0.0686208
1488 0.00733921
1489 0.0166312
1490 0.0245918
1491 0.0540921
1492 0.0497188
1493 0.023859
1494 0.232724
1495 0.0119376
1496 0.0694863
1497 0.0113275
1498 0.0046682
1499 0.0809966
1500 0.00976107
1501 0.00263332
1502 0.0320284
1503 0.00673097
1504 0.000762726
1505 0.00239255
1506 0.0147027
1508 0.152337
1509 0.0551407
1510 0.0675202
1511 0.0156446
1512 0.148874
1513 0.00524528
1514 0.106514
1515 0.0158902
1516 0.240348
1517 0.0850316
1518 0.528734
1519 0.0530278
1520 0.0685703
1521 0.00751897
1522 0.0232642
1523 0.102844
1525 0.000378367
1526 0.0126914
1528 0.0849637
1529 0.00577116
1530 0.268185
1532 0.0213411
1533 0.0114446
1534 0.00283367
1535 0.0257055
1536 0.146851
1537 0.0151194
1538 0.0698797
1539 0.0108516
1540 0.0788328
1541 0.0807785
1542 0.0407034
1543 0.0294386
1544 0.303584
1545 1.64507e-05
1547 0.185976
1549 0.00199893
1550 0.0667625
1551 0.108483
1552 0.0200146
1553 0.170572
1554 0.162009
1555 0.078749
1556 0.00727101
1557 0.049151
1559 0.062331
1560 0.0754494
1561 0.0174481
1562 0.00958643
1563 0.0918123
1565 0.0144966
1566 0.020075
1567 0.113399
1568 0.000549956
1569 0.0456532
1570 0.115105
1571 0.0392119
1572 0.0292187
1573 0.000722743
1574 0.0526852
1575 0.137343
1576 0.00237686
1577 0.0194189
1578 0.00186917
1579 0.311175
1580 0.0321377
1581 0.0154219
1582 0.036446
1584 0.0324701
1586 0.00754076
1587 0.0641707
1588 0.0159182
1589 0.0680784
1590 0.011502
1591 0.0090283
1592 0.0199181
1593 0.00553834
1594 0.0171413
1595 0.228901
1596 0.00437644
1598 0.0622578
1599 0.0134204
1602 0.0363438
1603 0.00214437
1604 0.386807
1605 0.0222025
1606 0.359216
1607 0.10531
1608 0.0150011
1609 0.0282118
1610 0.0166281
1611 0.00620912
1612 0.0243833
1613 0.0018402
1614 0.105323
1615 0.151411
1616 0.091905
1618 0.0194552
1619 0.0112849
1620 0.0160156
1621 0.00189674
1622 0.000630902
1623 0.00526827
1624 0.540226
1625 0.0135402
1626 0.00195775
1627 0.00195154
1628 0.00178736
1629 0.0860373
1630 0.00827723
1631 0.0343619
1632 0.0213075
1634 0.0336536
1635 0.0621758
1636 0.00716218
1637 0.0974728
1639 0.032268
1640 0.00953446
1641 0.0130052
1643 0.00260358
1644 0.0571019
1645 0.0312918
1646 0.418441
1647 0.000649205
1648 0.708649
1649 0.0371243
1650 0.0362707
1651 0.0568643
1652 0.0642634
1653 0.00507958
1654 0.0351798
1655 0.15942
1656 0.0394155
1657 0.00491333
1658 0.116862
1659 0.000997503
1660 0.0420096
1661 0.168219
1662 0.0500675
1663 0.00267406
1664 0.0719522
1665 0.00211441
1666 0.0728329
1667 0.0805223
1668 0.0219391
1669 0.0364028
1670 0.0035672
1671 0.0377695
1672 0.0402823
1673 0.0110269
1674 0.0704249
1675 0.432563
1676 0.00131551
1677 0.00515268
1678 0.109984
1679 0.0158071
1680 0.0350436
1681 0.0987655
1682 0.0820529
1683 0.00870234
1684 0.144907
1685 0.00832963
1686 0.00490581
1687 0.0302538
1688 0.0232873
1689 0.0981465
1690 0.00396637
1691 0.0368601
1693 0.0536834
1694 0.0457456
1695 0.122872
1696 0.00736231
1697 0.00119938
1698 0.161615
1699 0.00742299
1700 0.0176647
1701 0.00852247
1702 0.133226
1703 0.0369216
1704 0.120536
1705 0.031702
1706 0.100141
1707 0.0560495
1708 0.0478576
1709 0.0104537
1710 0.0210897
1711 0.0212199
1712 0.134053
1713 0.00201669
1714 0.0508513
1715 0.0425814
1716 0.00915108
1717 0.0760924
1718 0.0431103
1719 0.0260514
1720 0.00845601
1721 0.048016
1722 0.00833258
1723 0.0110571
1724 0.0111546
1725 0.717205
1726 0.122326
1727 0.000596476
1728 0.00237163
1729 0.0167011
1730 0.0339224
1731 0.0348988
1732 0.0725251
1733 0.0134228
1735 0.0205512
1736 0.14154
1737 0.107602
1738 0.0333761
1739 0.0832937
1741 0.087068
1742 0.0137342
1744 0.041547
1745 0.0240156
1746 0.0691818
1747 0.00168833
1748 0.0216824
1749 0.00585418
1750 0.00227445
1751 0.0515851
1752 0.00114752
1753 0.0247874
1754 0.209642
1755 0.00942018
1756 0.0202813
1757 0.187436
1758 0.00684994
1759 0.000246325
1760 0.265878
1761 0.0214699
1762 0.19867
1763 0.0380411
1764 0.0102254
1765 0.00797796
1766 2.84347e-05
1767 0.228904
1768 0.121908
1769 0.0184769
1770 0.0461538
1771 0.0501645
1772 0.00348516
1773 0.00312738
1775 0.00637123
1776 0.0144633
1777 0.314517
1778 0.00566363
1779 0.147747
1780 0.0416438
1781 0.00989529
1782 0.0132035
1783 0.0323
1784 0.116357
1785 0.450809
1786 0.0642651
1787 0.0102747
1788 0.113539
1789 0.000397215
1790 0.000118859
1791 0.0667641
1792 0.00245813
1793 0.0104454
1794 0.1549
1795 0.0601812
1796 0.0274191
1797 0.00423198
1798 0.0284321
1799 0.0937106
1800 0.0129465
1801 0.0018658
1802 0.0127785
1804 0.0379773
1805 0.0174683
1806 0.0395905
1807 0.0099076
1808 0.065739
1809 0.000851299
1810 0.0150525
1811 0.0214536
1812 0.000785605
1813 0.0784096
1814 0.00687129
1816 0.0235184
1817 0.00197093
1818 0.0196301
1819 0.0262427
1820 0.0104582
1821 0.0282751
1822 0.0646284
1823 0.141586
1824 0.0586159
1825 0.341735
1826 0.0231755
1827 0.0944705
1828 0.0327243
1829 0.0091611
1830 0.0146856
1831 0.0797546
1832 0.0856214
1833 0.26482
1835 0.0272172
1836 0.0171046
1837 0.100572
1838 0.0162686
1839 0.0209154
1840 0.529491
1841 0.0612534
1842 0.01423
1843 0.0166621
1845 0.089439
1846 0.0855646
1847 0.0110461
1848 0.155611
1849 0.0170956
1850 0.110427
1853 0.0102368
1854 0.0560938
1855 0.0176453
1856 0.00241989
1857 0.329291
1858 0.163354
1859 0.00676866
1860 0.0153154
1861 0.0618646
1862 0.0153375
1863 0.0803241
1864 0.0018196
1865 0.0408757
1866 0.66675
1867 0.0149262
1868 0.0191689
1869 0.0307747
1871 0.0116129
1872 0.0771398
1873 0.0248391
1874 0.00542264
1875 0.0300345
1877 0.0114091
1878 0.013701
1880 0.0194368
1881 1
1882 0.00997569
1883 0.0458621
1884 0.0004762
1886 0.0748288
1887 0.0247085
1888 0.017052
1889 0.151428
1890 0.0331565
1891 0.020101
1892 0.00029753
1893 0.0342011
1894 0.00650077
1896 0.0331008
1897 0.0552979
1898 0.0446267
1899 0.000726774
1900 0.0610931
1901 0.003739
1902 0.0408021
1903 0.0308149
1904 0.000445151
1905 0.0176776
1906 0.0619518
1907 0.0248618
1909 0.270562
1910 0.00928585
1911 0.047469
1912 0.147068
1913 0.00552135
1914 0.00126878
1915 0.0359249
1916 0.107299
1917 0.133422
1918 0.00614452
1919 0.00467866
1920 0.124456
1921 0.125629
1922 0.0587743
1923 0.119389
1924 0.00830294
1925 0.149752
1927 0.0410762
1928 0.010457
1929 0.0287137
1931 0.00407902
1932 0.0842518
1933 0.0204597
1934 0.0131652
1936 0.0966509
1938 0.126674
1939 0.0517253
1940 0.0623698
1941 0.152957
1943 0.0743475
1944 0.0236003
1945 0.00123588
1946 0.00492335
1947 0.0126442
1948 0.0341176
1949 0.0177037
1951 0.00278421
1952 0.0145757
1953 0.0495973
1954 0.0222457
1955 0.00293041
1956 0.0135761
1957 0.0999203
1958 0.0288647
1959 0.0352322
1960 0.0621176
1961 0.000603775
1962 0.103446
1963 4.90254e-06
1964 0.0108469
1965 0.000168974
1966 0.29206
1967 0.106877
1968 0.0153308
1969 0.0497478
1970 0.0120093
1971 0.0311385
1972 0.224918
1973 0.224915
1974 0.0468398
1975 0.000221377
1976 0.00782903
1977 0.107995
1978 7.53902e-05
1980 0.00762879
1981 0.248011
1982 0.125157
1983 0.04193
1984 0.0321512
1985 0.0295443
1986 0.463909
1987 0.000866442
1988 0.00922876
1989 0.084388
1990 0.0181869
1991 0.0221776
1992 0.0973127
1993 0.0462199
1994 0.106975
1995 0.207752
1996 0.0277576
1997 0.00499024
1998 0.0859188
1999 0.0430179
2000 0.0961264
2002 0.000561831
2003 0.0682741
2004 0.00499253
2005 0.152414
2006 0.0143627
2007 0.019785
2008 0.0235763
2010 0.0143457
2011 0.000498316
2012 0.00284968
2013 0.000259508
2014 0.012164
2015 0.00044319
2016 0.0156495
2018 0.0344642
2019 0.0421342
2020 0.270311
2021 7.32113e-05
2022 0.0235497
2023 0.236055
2024 0.0468699
2025 0.00935405
2026 0.0108453
2027 0.012128
2028 0.113466
2029 0.00184967
2030 0.01877
2032 0.0958879
2033 0.0004287
2034 0.0145233
2035 0.307235
2036 0.00426107
2037 0.199721
2038 0.00744718
2039 0.11202
2040 0.00739423
2041 0.150231
2042 0.0270887
2043 0.0226211
2044 0.00561297
2046 0.0993006
2047 0.0111752
2048 0.036721
